

===VERSION 1.26===
---GAME START @ 2015-6-11-23-14-7---

wait registration for 30 seconds
reg: 1111 all_in 
reg: 3333 check 
reg: 2222 call 
reg: 7777 wukong need_notify 

reg: 4444 wukong need_notify 

reg: 8888 wukong need_notify 

reg: 6666 wukong need_notify 

reg: 5555 wukong need_notify 

close registration

-----1 Hand-----

----- clean player data in socket -----
seat/ 
button: 5555 2000 2000 
small blind: 6666 2000 2000 
big blind: 2222 2000 2000 
1111 2000 2000 
4444 2000 2000 
7777 2000 2000 
3333 2000 2000 
8888 2000 2000 
/seat 
blind/ 
6666: 20 
2222: 40 
/blind 
player 6666:hold/ 
CLUBS Q 
SPADES 10 
/hold 
player 2222:hold/ 
HEARTS 10 
DIAMONDS Q 
/hold 
player 1111:hold/ 
CLUBS 4 
CLUBS 7 
/hold 
player 4444:hold/ 
CLUBS 6 
HEARTS Q 
/hold 
player 7777:hold/ 
DIAMONDS 10 
HEARTS 9 
/hold 
player 3333:hold/ 
SPADES 2 
SPADES 5 
/hold 
player 8888:hold/ 
SPADES 3 
SPADES 4 
/hold 
player 5555:hold/ 
DIAMONDS J 
HEARTS 2 
/hold 

---pre flop round bet---
valid player: 8, all in player: 0, fold player: 0

send inquire msg to player 1111(seat:2) 
inquire/ 
2222 1960 2000 40 blind 
6666 1980 2000 20 blind 
total pot: 60 
/inquire 
recv from player 1111: all_in 


send inquire msg to player 4444(seat:3) 
inquire/ 
1111 0 2000 2000 all_in 
2222 1960 2000 40 blind 
6666 1980 2000 20 blind 
total pot: 2060 
/inquire 
recv from player 4444: fold 



send inquire msg to player 7777(seat:4) 
inquire/ 
4444 2000 2000 0 fold 
1111 0 2000 2000 all_in 
2222 1960 2000 40 blind 
6666 1980 2000 20 blind 
total pot: 2060 
/inquire 
recv from player 7777: fold 



send inquire msg to player 3333(seat:5) 
inquire/ 
7777 2000 2000 0 fold 
4444 2000 2000 0 fold 
1111 0 2000 2000 all_in 
2222 1960 2000 40 blind 
6666 1980 2000 20 blind 
total pot: 2060 
/inquire 
recv from player 3333: check 


send inquire msg to player 8888(seat:6) 
inquire/ 
3333 0 2000 2000 all_in 
7777 2000 2000 0 fold 
4444 2000 2000 0 fold 
1111 0 2000 2000 all_in 
2222 1960 2000 40 blind 
6666 1980 2000 20 blind 
total pot: 4060 
/inquire 
recv from player 8888: fold 



send inquire msg to player 5555(seat:7) 
inquire/ 
8888 2000 2000 0 fold 
3333 0 2000 2000 all_in 
7777 2000 2000 0 fold 
4444 2000 2000 0 fold 
1111 0 2000 2000 all_in 
2222 1960 2000 40 blind 
6666 1980 2000 20 blind 
total pot: 4060 
/inquire 
recv from player 5555: fold 



send inquire msg to player 6666(seat:0) 
inquire/ 
5555 2000 2000 0 fold 
8888 2000 2000 0 fold 
3333 0 2000 2000 all_in 
7777 2000 2000 0 fold 
4444 2000 2000 0 fold 
1111 0 2000 2000 all_in 
2222 1960 2000 40 blind 
6666 1980 2000 20 blind 
total pot: 4060 
/inquire 
recv from player 6666: fold 



send inquire msg to player 2222(seat:1) 
inquire/ 
6666 1980 2000 20 fold 
5555 2000 2000 0 fold 
8888 2000 2000 0 fold 
3333 0 2000 2000 all_in 
7777 2000 2000 0 fold 
4444 2000 2000 0 fold 
1111 0 2000 2000 all_in 
2222 1960 2000 40 blind 
total pot: 4060 
/inquire 
recv from player 2222: call 

valid player: 8, all in player: 3, fold player: 5

----- send notify msg from 2 to 1(exclude) -----

player 1111(seat:2) doesn't need notify-msg

send notify msg to player 4444(seat:3) 
notify/ 
1111 0 2000 2000 all_in 
2222 0 2000 2000 all_in 
6666 1980 2000 20 fold 
5555 2000 2000 0 fold 
8888 2000 2000 0 fold 
3333 0 2000 2000 all_in 
7777 2000 2000 0 fold 
4444 2000 2000 0 fold 
total pot: 6020 
/notify 

send notify msg to player 7777(seat:4) 
notify/ 
4444 2000 2000 0 fold 
1111 0 2000 2000 all_in 
2222 0 2000 2000 all_in 
6666 1980 2000 20 fold 
5555 2000 2000 0 fold 
8888 2000 2000 0 fold 
3333 0 2000 2000 all_in 
7777 2000 2000 0 fold 
total pot: 6020 
/notify 

player 3333(seat:5) doesn't need notify-msg

send notify msg to player 8888(seat:6) 
notify/ 
3333 0 2000 2000 all_in 
7777 2000 2000 0 fold 
4444 2000 2000 0 fold 
1111 0 2000 2000 all_in 
2222 0 2000 2000 all_in 
6666 1980 2000 20 fold 
5555 2000 2000 0 fold 
8888 2000 2000 0 fold 
total pot: 6020 
/notify 

send notify msg to player 5555(seat:7) 
notify/ 
8888 2000 2000 0 fold 
3333 0 2000 2000 all_in 
7777 2000 2000 0 fold 
4444 2000 2000 0 fold 
1111 0 2000 2000 all_in 
2222 0 2000 2000 all_in 
6666 1980 2000 20 fold 
5555 2000 2000 0 fold 
total pot: 6020 
/notify 

send notify msg to player 6666(seat:0) 
notify/ 
5555 2000 2000 0 fold 
8888 2000 2000 0 fold 
3333 0 2000 2000 all_in 
7777 2000 2000 0 fold 
4444 2000 2000 0 fold 
1111 0 2000 2000 all_in 
2222 0 2000 2000 all_in 
6666 1980 2000 20 fold 
total pot: 6020 
/notify 
flop/ 
DIAMONDS 5 
CLUBS 10 
CLUBS 3 
/flop 

---flop round bet---
valid player: 8, all in player: 3, fold player: 5
turn/ 
SPADES K 
/turn 

---turn round bet---
valid player: 8, all in player: 3, fold player: 5
river/ 
HEARTS K 
/river 

---river round bet---
valid player: 8, all in player: 3, fold player: 5

---show down---
showdown/ 
common/ 
DIAMONDS 5 
CLUBS 10 
CLUBS 3 
SPADES K 
HEARTS K 
/common 
1: 2222 HEARTS 10 DIAMONDS Q TWO_PAIR 
3: 1111 CLUBS 4 CLUBS 7 ONE_PAIR 
2: 3333 SPADES 2 SPADES 5 TWO_PAIR 
/showdown 

---Allocate pot---
pot-win/ 
2222: 6020 
/pot-win 
it is player 6666's turn to be button

-----2 Hand-----

----- clean player data in socket -----
seat/ 
button: 6666 1980 2000 
small blind: 2222 6020 2000 
big blind: 1111 2000 0 
4444 2000 2000 
7777 2000 2000 
3333 2000 0 
8888 2000 2000 
5555 2000 2000 
/seat 
blind/ 
2222: 20 
1111: 40 
/blind 
player 2222:hold/ 
SPADES 5 
HEARTS 2 
/hold 
player 1111:hold/ 
CLUBS K 
HEARTS 8 
/hold 
player 4444:hold/ 
DIAMONDS Q 
HEARTS 10 
/hold 
player 7777:hold/ 
CLUBS 3 
HEARTS 5 
/hold 
player 3333:hold/ 
HEARTS 9 
SPADES 7 
/hold 
player 8888:hold/ 
SPADES 3 
DIAMONDS 10 
/hold 
player 5555:hold/ 
CLUBS 4 
CLUBS J 
/hold 
player 6666:hold/ 
HEARTS 4 
HEARTS 6 
/hold 

---pre flop round bet---
valid player: 8, all in player: 0, fold player: 0

send inquire msg to player 4444(seat:2) 
inquire/ 
1111 1960 0 40 blind 
2222 6000 2000 20 blind 
total pot: 60 
/inquire 
recv from player 4444: call 



send inquire msg to player 7777(seat:3) 
inquire/ 
4444 1960 2000 40 call 
1111 1960 0 40 blind 
2222 6000 2000 20 blind 
total pot: 100 
/inquire 
recv from player 7777: call 



send inquire msg to player 3333(seat:4) 
inquire/ 
7777 1960 2000 40 call 
4444 1960 2000 40 call 
1111 1960 0 40 blind 
2222 6000 2000 20 blind 
total pot: 140 
/inquire 
recv from player 3333: check 


send inquire msg to player 8888(seat:5) 
inquire/ 
3333 1960 0 40 call 
7777 1960 2000 40 call 
4444 1960 2000 40 call 
1111 1960 0 40 blind 
2222 6000 2000 20 blind 
total pot: 180 
/inquire 
recv from player 8888: call 



send inquire msg to player 5555(seat:6) 
inquire/ 
8888 1960 2000 40 call 
3333 1960 0 40 call 
7777 1960 2000 40 call 
4444 1960 2000 40 call 
1111 1960 0 40 blind 
2222 6000 2000 20 blind 
total pot: 220 
/inquire 
recv from player 5555: call 



send inquire msg to player 6666(seat:7) 
inquire/ 
5555 1960 2000 40 call 
8888 1960 2000 40 call 
3333 1960 0 40 call 
7777 1960 2000 40 call 
4444 1960 2000 40 call 
1111 1960 0 40 blind 
2222 6000 2000 20 blind 
total pot: 260 
/inquire 
recv from player 6666: call 



send inquire msg to player 2222(seat:0) 
inquire/ 
6666 1940 2000 40 call 
5555 1960 2000 40 call 
8888 1960 2000 40 call 
3333 1960 0 40 call 
7777 1960 2000 40 call 
4444 1960 2000 40 call 
1111 1960 0 40 blind 
2222 6000 2000 20 blind 
total pot: 300 
/inquire 
recv from player 2222: call 


send inquire msg to player 1111(seat:1) 
inquire/ 
2222 5980 2000 40 call 
6666 1940 2000 40 call 
5555 1960 2000 40 call 
8888 1960 2000 40 call 
3333 1960 0 40 call 
7777 1960 2000 40 call 
4444 1960 2000 40 call 
1111 1960 0 40 blind 
total pot: 320 
/inquire 
recv from player 1111: all_in 


send inquire msg to player 4444(seat:2) 
inquire/ 
1111 0 0 2000 all_in 
2222 5980 2000 40 call 
6666 1940 2000 40 call 
5555 1960 2000 40 call 
8888 1960 2000 40 call 
3333 1960 0 40 call 
7777 1960 2000 40 call 
4444 1960 2000 40 call 
total pot: 2280 
/inquire 
recv from player 4444: fold 



send inquire msg to player 7777(seat:3) 
inquire/ 
4444 1960 2000 40 fold 
1111 0 0 2000 all_in 
2222 5980 2000 40 call 
6666 1940 2000 40 call 
5555 1960 2000 40 call 
8888 1960 2000 40 call 
3333 1960 0 40 call 
7777 1960 2000 40 call 
total pot: 2280 
/inquire 
recv from player 7777: fold 



send inquire msg to player 3333(seat:4) 
inquire/ 
7777 1960 2000 40 fold 
4444 1960 2000 40 fold 
1111 0 0 2000 all_in 
2222 5980 2000 40 call 
6666 1940 2000 40 call 
5555 1960 2000 40 call 
8888 1960 2000 40 call 
3333 1960 0 40 call 
total pot: 2280 
/inquire 
recv from player 3333: check 


send inquire msg to player 8888(seat:5) 
inquire/ 
3333 0 0 2000 all_in 
7777 1960 2000 40 fold 
4444 1960 2000 40 fold 
1111 0 0 2000 all_in 
2222 5980 2000 40 call 
6666 1940 2000 40 call 
5555 1960 2000 40 call 
8888 1960 2000 40 call 
total pot: 4240 
/inquire 
recv from player 8888: fold 



send inquire msg to player 5555(seat:6) 
inquire/ 
8888 1960 2000 40 fold 
3333 0 0 2000 all_in 
7777 1960 2000 40 fold 
4444 1960 2000 40 fold 
1111 0 0 2000 all_in 
2222 5980 2000 40 call 
6666 1940 2000 40 call 
5555 1960 2000 40 call 
total pot: 4240 
/inquire 
recv from player 5555: fold 



send inquire msg to player 6666(seat:7) 
inquire/ 
5555 1960 2000 40 fold 
8888 1960 2000 40 fold 
3333 0 0 2000 all_in 
7777 1960 2000 40 fold 
4444 1960 2000 40 fold 
1111 0 0 2000 all_in 
2222 5980 2000 40 call 
6666 1940 2000 40 call 
total pot: 4240 
/inquire 
recv from player 6666: fold 



send inquire msg to player 2222(seat:0) 
inquire/ 
6666 1940 2000 40 fold 
5555 1960 2000 40 fold 
8888 1960 2000 40 fold 
3333 0 0 2000 all_in 
7777 1960 2000 40 fold 
4444 1960 2000 40 fold 
1111 0 0 2000 all_in 
2222 5980 2000 40 call 
total pot: 4240 
/inquire 
recv from player 2222: call 

valid player: 8, all in player: 2, fold player: 5

----- send notify msg from 1 to 0(exclude) -----

player 1111(seat:1) doesn't need notify-msg

send notify msg to player 4444(seat:2) 
notify/ 
1111 0 0 2000 all_in 
2222 4020 2000 2000 call 
6666 1940 2000 40 fold 
5555 1960 2000 40 fold 
8888 1960 2000 40 fold 
3333 0 0 2000 all_in 
7777 1960 2000 40 fold 
4444 1960 2000 40 fold 
total pot: 6200 
/notify 

send notify msg to player 7777(seat:3) 
notify/ 
4444 1960 2000 40 fold 
1111 0 0 2000 all_in 
2222 4020 2000 2000 call 
6666 1940 2000 40 fold 
5555 1960 2000 40 fold 
8888 1960 2000 40 fold 
3333 0 0 2000 all_in 
7777 1960 2000 40 fold 
total pot: 6200 
/notify 

player 3333(seat:4) doesn't need notify-msg

send notify msg to player 8888(seat:5) 
notify/ 
3333 0 0 2000 all_in 
7777 1960 2000 40 fold 
4444 1960 2000 40 fold 
1111 0 0 2000 all_in 
2222 4020 2000 2000 call 
6666 1940 2000 40 fold 
5555 1960 2000 40 fold 
8888 1960 2000 40 fold 
total pot: 6200 
/notify 

send notify msg to player 5555(seat:6) 
notify/ 
8888 1960 2000 40 fold 
3333 0 0 2000 all_in 
7777 1960 2000 40 fold 
4444 1960 2000 40 fold 
1111 0 0 2000 all_in 
2222 4020 2000 2000 call 
6666 1940 2000 40 fold 
5555 1960 2000 40 fold 
total pot: 6200 
/notify 

send notify msg to player 6666(seat:7) 
notify/ 
5555 1960 2000 40 fold 
8888 1960 2000 40 fold 
3333 0 0 2000 all_in 
7777 1960 2000 40 fold 
4444 1960 2000 40 fold 
1111 0 0 2000 all_in 
2222 4020 2000 2000 call 
6666 1940 2000 40 fold 
total pot: 6200 
/notify 
flop/ 
DIAMONDS K 
HEARTS J 
DIAMONDS 3 
/flop 

---flop round bet---
valid player: 8, all in player: 2, fold player: 5
turn/ 
HEARTS Q 
/turn 

---turn round bet---
valid player: 8, all in player: 2, fold player: 5
river/ 
DIAMONDS 4 
/river 

---river round bet---
valid player: 8, all in player: 2, fold player: 5

---show down---
showdown/ 
common/ 
DIAMONDS K 
HEARTS J 
DIAMONDS 3 
HEARTS Q 
DIAMONDS 4 
/common 
3: 2222 SPADES 5 HEARTS 2 HIGH_CARD 
1: 1111 CLUBS K HEARTS 8 ONE_PAIR 
2: 3333 HEARTS 9 SPADES 7 HIGH_CARD 
/showdown 

---Allocate pot---
pot-win/ 
1111: 6200 
/pot-win 
it is player 2222's turn to be button

-----3 Hand-----

----- clean player data in socket -----
seat/ 
button: 2222 4020 2000 
small blind: 1111 6200 0 
big blind: 4444 1960 2000 
7777 1960 2000 
8888 1960 2000 
5555 1960 2000 
6666 1940 2000 
/seat 
blind/ 
1111: 20 
4444: 40 
/blind 
player 1111:hold/ 
HEARTS 2 
DIAMONDS 4 
/hold 
player 4444:hold/ 
CLUBS 9 
HEARTS 8 
/hold 
player 7777:hold/ 
CLUBS 10 
DIAMONDS 2 
/hold 
player 8888:hold/ 
DIAMONDS A 
CLUBS 2 
/hold 
player 5555:hold/ 
SPADES K 
SPADES Q 
/hold 
player 6666:hold/ 
SPADES 7 
CLUBS Q 
/hold 
player 2222:hold/ 
CLUBS 6 
HEARTS 10 
/hold 

---pre flop round bet---
valid player: 7, all in player: 0, fold player: 0

send inquire msg to player 7777(seat:2) 
inquire/ 
4444 1920 2000 40 blind 
1111 6180 0 20 blind 
total pot: 60 
/inquire 
recv from player 7777: call 



send inquire msg to player 8888(seat:3) 
inquire/ 
7777 1920 2000 40 call 
4444 1920 2000 40 blind 
1111 6180 0 20 blind 
total pot: 100 
/inquire 
recv from player 8888: call 



send inquire msg to player 5555(seat:4) 
inquire/ 
8888 1920 2000 40 call 
7777 1920 2000 40 call 
4444 1920 2000 40 blind 
1111 6180 0 20 blind 
total pot: 140 
/inquire 
recv from player 5555: call 



send inquire msg to player 6666(seat:5) 
inquire/ 
5555 1920 2000 40 call 
8888 1920 2000 40 call 
7777 1920 2000 40 call 
4444 1920 2000 40 blind 
1111 6180 0 20 blind 
total pot: 180 
/inquire 
recv from player 6666: call 



send inquire msg to player 2222(seat:7) 
inquire/ 
6666 1900 2000 40 call 
5555 1920 2000 40 call 
8888 1920 2000 40 call 
7777 1920 2000 40 call 
4444 1920 2000 40 blind 
1111 6180 0 20 blind 
total pot: 220 
/inquire 
recv from player 2222: call 


send inquire msg to player 1111(seat:0) 
inquire/ 
2222 3980 2000 40 call 
6666 1900 2000 40 call 
5555 1920 2000 40 call 
8888 1920 2000 40 call 
7777 1920 2000 40 call 
4444 1920 2000 40 blind 
1111 6180 0 20 blind 
total pot: 260 
/inquire 
recv from player 1111: all_in 


send inquire msg to player 4444(seat:1) 
inquire/ 
1111 0 0 6200 all_in 
2222 3980 2000 40 call 
6666 1900 2000 40 call 
5555 1920 2000 40 call 
8888 1920 2000 40 call 
7777 1920 2000 40 call 
4444 1920 2000 40 blind 
total pot: 6440 
/inquire 
recv from player 4444: fold 



send inquire msg to player 7777(seat:2) 
inquire/ 
4444 1920 2000 40 fold 
1111 0 0 6200 all_in 
2222 3980 2000 40 call 
6666 1900 2000 40 call 
5555 1920 2000 40 call 
8888 1920 2000 40 call 
7777 1920 2000 40 call 
total pot: 6440 
/inquire 
recv from player 7777: fold 



send inquire msg to player 8888(seat:3) 
inquire/ 
7777 1920 2000 40 fold 
4444 1920 2000 40 fold 
1111 0 0 6200 all_in 
2222 3980 2000 40 call 
6666 1900 2000 40 call 
5555 1920 2000 40 call 
8888 1920 2000 40 call 
total pot: 6440 
/inquire 
recv from player 8888: fold 



send inquire msg to player 5555(seat:4) 
inquire/ 
8888 1920 2000 40 fold 
7777 1920 2000 40 fold 
4444 1920 2000 40 fold 
1111 0 0 6200 all_in 
2222 3980 2000 40 call 
6666 1900 2000 40 call 
5555 1920 2000 40 call 
total pot: 6440 
/inquire 
recv from player 5555: fold 



send inquire msg to player 6666(seat:5) 
inquire/ 
5555 1920 2000 40 fold 
8888 1920 2000 40 fold 
7777 1920 2000 40 fold 
4444 1920 2000 40 fold 
1111 0 0 6200 all_in 
2222 3980 2000 40 call 
6666 1900 2000 40 call 
total pot: 6440 
/inquire 
recv from player 6666: fold 



send inquire msg to player 2222(seat:7) 
inquire/ 
6666 1900 2000 40 fold 
5555 1920 2000 40 fold 
8888 1920 2000 40 fold 
7777 1920 2000 40 fold 
4444 1920 2000 40 fold 
1111 0 0 6200 all_in 
2222 3980 2000 40 call 
total pot: 6440 
/inquire 
recv from player 2222: call 

valid player: 7, all in player: 2, fold player: 5

----- send notify msg from 0 to 7(exclude) -----

player 1111(seat:0) doesn't need notify-msg

send notify msg to player 4444(seat:1) 
notify/ 
1111 0 0 6200 all_in 
2222 0 2000 4020 all_in 
6666 1900 2000 40 fold 
5555 1920 2000 40 fold 
8888 1920 2000 40 fold 
7777 1920 2000 40 fold 
4444 1920 2000 40 fold 
total pot: 10420 
/notify 

send notify msg to player 7777(seat:2) 
notify/ 
4444 1920 2000 40 fold 
1111 0 0 6200 all_in 
2222 0 2000 4020 all_in 
6666 1900 2000 40 fold 
5555 1920 2000 40 fold 
8888 1920 2000 40 fold 
7777 1920 2000 40 fold 
total pot: 10420 
/notify 

send notify msg to player 8888(seat:3) 
notify/ 
7777 1920 2000 40 fold 
4444 1920 2000 40 fold 
1111 0 0 6200 all_in 
2222 0 2000 4020 all_in 
6666 1900 2000 40 fold 
5555 1920 2000 40 fold 
8888 1920 2000 40 fold 
total pot: 10420 
/notify 

send notify msg to player 5555(seat:4) 
notify/ 
8888 1920 2000 40 fold 
7777 1920 2000 40 fold 
4444 1920 2000 40 fold 
1111 0 0 6200 all_in 
2222 0 2000 4020 all_in 
6666 1900 2000 40 fold 
5555 1920 2000 40 fold 
total pot: 10420 
/notify 

send notify msg to player 6666(seat:5) 
notify/ 
5555 1920 2000 40 fold 
8888 1920 2000 40 fold 
7777 1920 2000 40 fold 
4444 1920 2000 40 fold 
1111 0 0 6200 all_in 
2222 0 2000 4020 all_in 
6666 1900 2000 40 fold 
total pot: 10420 
/notify 
flop/ 
SPADES 8 
CLUBS 8 
HEARTS 7 
/flop 

---flop round bet---
valid player: 7, all in player: 2, fold player: 5
turn/ 
CLUBS J 
/turn 

---turn round bet---
valid player: 7, all in player: 2, fold player: 5
river/ 
SPADES 6 
/river 

---river round bet---
valid player: 7, all in player: 2, fold player: 5

---show down---
showdown/ 
common/ 
SPADES 8 
CLUBS 8 
HEARTS 7 
CLUBS J 
SPADES 6 
/common 
2: 1111 HEARTS 2 DIAMONDS 4 ONE_PAIR 
1: 2222 CLUBS 6 HEARTS 10 TWO_PAIR 
/showdown 

---Allocate pot---
pot-win/ 
2222: 8240 
1111: 2180 
/pot-win 
it is player 1111's turn to be button

-----4 Hand-----

----- clean player data in socket -----
seat/ 
button: 1111 2180 0 
small blind: 4444 1920 2000 
big blind: 7777 1920 2000 
8888 1920 2000 
5555 1920 2000 
6666 1900 2000 
2222 8240 2000 
/seat 
blind/ 
4444: 20 
7777: 40 
/blind 
player 4444:hold/ 
SPADES 3 
DIAMONDS 3 
/hold 
player 7777:hold/ 
CLUBS K 
CLUBS 6 
/hold 
player 8888:hold/ 
SPADES 5 
SPADES 6 
/hold 
player 5555:hold/ 
CLUBS Q 
HEARTS K 
/hold 
player 6666:hold/ 
DIAMONDS 8 
DIAMONDS 9 
/hold 
player 2222:hold/ 
CLUBS 5 
HEARTS 6 
/hold 
player 1111:hold/ 
CLUBS 7 
SPADES K 
/hold 

---pre flop round bet---
valid player: 7, all in player: 0, fold player: 0

send inquire msg to player 8888(seat:2) 
inquire/ 
7777 1880 2000 40 blind 
4444 1900 2000 20 blind 
total pot: 60 
/inquire 
recv from player 8888: call 



send inquire msg to player 5555(seat:3) 
inquire/ 
8888 1880 2000 40 call 
7777 1880 2000 40 blind 
4444 1900 2000 20 blind 
total pot: 100 
/inquire 
recv from player 5555: call 



send inquire msg to player 6666(seat:4) 
inquire/ 
5555 1880 2000 40 call 
8888 1880 2000 40 call 
7777 1880 2000 40 blind 
4444 1900 2000 20 blind 
total pot: 140 
/inquire 
recv from player 6666: call 



send inquire msg to player 2222(seat:5) 
inquire/ 
6666 1860 2000 40 call 
5555 1880 2000 40 call 
8888 1880 2000 40 call 
7777 1880 2000 40 blind 
4444 1900 2000 20 blind 
total pot: 180 
/inquire 
recv from player 2222: call 


send inquire msg to player 1111(seat:7) 
inquire/ 
2222 8200 2000 40 call 
6666 1860 2000 40 call 
5555 1880 2000 40 call 
8888 1880 2000 40 call 
7777 1880 2000 40 blind 
4444 1900 2000 20 blind 
total pot: 220 
/inquire 
recv from player 1111: all_in 


send inquire msg to player 4444(seat:0) 
inquire/ 
1111 0 0 2180 all_in 
2222 8200 2000 40 call 
6666 1860 2000 40 call 
5555 1880 2000 40 call 
8888 1880 2000 40 call 
7777 1880 2000 40 blind 
4444 1900 2000 20 blind 
total pot: 2400 
/inquire 
recv from player 4444: fold 



send inquire msg to player 7777(seat:1) 
inquire/ 
4444 1900 2000 20 fold 
1111 0 0 2180 all_in 
2222 8200 2000 40 call 
6666 1860 2000 40 call 
5555 1880 2000 40 call 
8888 1880 2000 40 call 
7777 1880 2000 40 blind 
total pot: 2400 
/inquire 
recv from player 7777: fold 



send inquire msg to player 8888(seat:2) 
inquire/ 
7777 1880 2000 40 fold 
4444 1900 2000 20 fold 
1111 0 0 2180 all_in 
2222 8200 2000 40 call 
6666 1860 2000 40 call 
5555 1880 2000 40 call 
8888 1880 2000 40 call 
total pot: 2400 
/inquire 
recv from player 8888: fold 



send inquire msg to player 5555(seat:3) 
inquire/ 
8888 1880 2000 40 fold 
7777 1880 2000 40 fold 
4444 1900 2000 20 fold 
1111 0 0 2180 all_in 
2222 8200 2000 40 call 
6666 1860 2000 40 call 
5555 1880 2000 40 call 
total pot: 2400 
/inquire 
recv from player 5555: fold 



send inquire msg to player 6666(seat:4) 
inquire/ 
5555 1880 2000 40 fold 
8888 1880 2000 40 fold 
7777 1880 2000 40 fold 
4444 1900 2000 20 fold 
1111 0 0 2180 all_in 
2222 8200 2000 40 call 
6666 1860 2000 40 call 
total pot: 2400 
/inquire 
recv from player 6666: fold 



send inquire msg to player 2222(seat:5) 
inquire/ 
6666 1860 2000 40 fold 
5555 1880 2000 40 fold 
8888 1880 2000 40 fold 
7777 1880 2000 40 fold 
4444 1900 2000 20 fold 
1111 0 0 2180 all_in 
2222 8200 2000 40 call 
total pot: 2400 
/inquire 
recv from player 2222: call 

valid player: 7, all in player: 1, fold player: 5

----- send notify msg from 6 to 5(exclude) -----

player 1111(seat:7) doesn't need notify-msg

send notify msg to player 4444(seat:0) 
notify/ 
1111 0 0 2180 all_in 
2222 6060 2000 2180 call 
6666 1860 2000 40 fold 
5555 1880 2000 40 fold 
8888 1880 2000 40 fold 
7777 1880 2000 40 fold 
4444 1900 2000 20 fold 
total pot: 4540 
/notify 

send notify msg to player 7777(seat:1) 
notify/ 
4444 1900 2000 20 fold 
1111 0 0 2180 all_in 
2222 6060 2000 2180 call 
6666 1860 2000 40 fold 
5555 1880 2000 40 fold 
8888 1880 2000 40 fold 
7777 1880 2000 40 fold 
total pot: 4540 
/notify 

send notify msg to player 8888(seat:2) 
notify/ 
7777 1880 2000 40 fold 
4444 1900 2000 20 fold 
1111 0 0 2180 all_in 
2222 6060 2000 2180 call 
6666 1860 2000 40 fold 
5555 1880 2000 40 fold 
8888 1880 2000 40 fold 
total pot: 4540 
/notify 

send notify msg to player 5555(seat:3) 
notify/ 
8888 1880 2000 40 fold 
7777 1880 2000 40 fold 
4444 1900 2000 20 fold 
1111 0 0 2180 all_in 
2222 6060 2000 2180 call 
6666 1860 2000 40 fold 
5555 1880 2000 40 fold 
total pot: 4540 
/notify 

send notify msg to player 6666(seat:4) 
notify/ 
5555 1880 2000 40 fold 
8888 1880 2000 40 fold 
7777 1880 2000 40 fold 
4444 1900 2000 20 fold 
1111 0 0 2180 all_in 
2222 6060 2000 2180 call 
6666 1860 2000 40 fold 
total pot: 4540 
/notify 
flop/ 
HEARTS 9 
SPADES 4 
HEARTS 3 
/flop 

---flop round bet---
valid player: 7, all in player: 1, fold player: 5
turn/ 
CLUBS 8 
/turn 

---turn round bet---
valid player: 7, all in player: 1, fold player: 5
river/ 
CLUBS 10 
/river 

---river round bet---
valid player: 7, all in player: 1, fold player: 5

---show down---
showdown/ 
common/ 
HEARTS 9 
SPADES 4 
HEARTS 3 
CLUBS 8 
CLUBS 10 
/common 
2: 2222 CLUBS 5 HEARTS 6 HIGH_CARD 
1: 1111 CLUBS 7 SPADES K HIGH_CARD 
/showdown 

---Allocate pot---
pot-win/ 
1111: 4540 
/pot-win 
it is player 4444's turn to be button

-----5 Hand-----

----- clean player data in socket -----
seat/ 
button: 4444 1900 2000 
small blind: 7777 1880 2000 
big blind: 8888 1880 2000 
5555 1880 2000 
6666 1860 2000 
2222 6060 2000 
1111 4540 0 
/seat 
blind/ 
7777: 20 
8888: 40 
/blind 
player 7777:hold/ 
SPADES 7 
SPADES 2 
/hold 
player 8888:hold/ 
CLUBS K 
CLUBS 8 
/hold 
player 5555:hold/ 
CLUBS 4 
SPADES 8 
/hold 
player 6666:hold/ 
CLUBS J 
SPADES 9 
/hold 
player 2222:hold/ 
SPADES J 
CLUBS A 
/hold 
player 1111:hold/ 
SPADES A 
HEARTS 7 
/hold 
player 4444:hold/ 
SPADES 10 
HEARTS 10 
/hold 

---pre flop round bet---
valid player: 7, all in player: 0, fold player: 0

send inquire msg to player 5555(seat:2) 
inquire/ 
8888 1840 2000 40 blind 
7777 1860 2000 20 blind 
total pot: 60 
/inquire 
recv from player 5555: call 



send inquire msg to player 6666(seat:3) 
inquire/ 
5555 1840 2000 40 call 
8888 1840 2000 40 blind 
7777 1860 2000 20 blind 
total pot: 100 
/inquire 
recv from player 6666: call 



send inquire msg to player 2222(seat:4) 
inquire/ 
6666 1820 2000 40 call 
5555 1840 2000 40 call 
8888 1840 2000 40 blind 
7777 1860 2000 20 blind 
total pot: 140 
/inquire 
recv from player 2222: call 


send inquire msg to player 1111(seat:5) 
inquire/ 
2222 6020 2000 40 call 
6666 1820 2000 40 call 
5555 1840 2000 40 call 
8888 1840 2000 40 blind 
7777 1860 2000 20 blind 
total pot: 180 
/inquire 
recv from player 1111: all_in 


send inquire msg to player 4444(seat:7) 
inquire/ 
1111 0 0 4540 all_in 
2222 6020 2000 40 call 
6666 1820 2000 40 call 
5555 1840 2000 40 call 
8888 1840 2000 40 blind 
7777 1860 2000 20 blind 
total pot: 4720 
/inquire 
recv from player 4444: fold 



send inquire msg to player 7777(seat:0) 
inquire/ 
4444 1900 2000 0 fold 
1111 0 0 4540 all_in 
2222 6020 2000 40 call 
6666 1820 2000 40 call 
5555 1840 2000 40 call 
8888 1840 2000 40 blind 
7777 1860 2000 20 blind 
total pot: 4720 
/inquire 
recv from player 7777: fold 



send inquire msg to player 8888(seat:1) 
inquire/ 
7777 1860 2000 20 fold 
4444 1900 2000 0 fold 
1111 0 0 4540 all_in 
2222 6020 2000 40 call 
6666 1820 2000 40 call 
5555 1840 2000 40 call 
8888 1840 2000 40 blind 
total pot: 4720 
/inquire 
recv from player 8888: fold 



send inquire msg to player 5555(seat:2) 
inquire/ 
8888 1840 2000 40 fold 
7777 1860 2000 20 fold 
4444 1900 2000 0 fold 
1111 0 0 4540 all_in 
2222 6020 2000 40 call 
6666 1820 2000 40 call 
5555 1840 2000 40 call 
total pot: 4720 
/inquire 
recv from player 5555: fold 



send inquire msg to player 6666(seat:3) 
inquire/ 
5555 1840 2000 40 fold 
8888 1840 2000 40 fold 
7777 1860 2000 20 fold 
4444 1900 2000 0 fold 
1111 0 0 4540 all_in 
2222 6020 2000 40 call 
6666 1820 2000 40 call 
total pot: 4720 
/inquire 
recv from player 6666: fold 



send inquire msg to player 2222(seat:4) 
inquire/ 
6666 1820 2000 40 fold 
5555 1840 2000 40 fold 
8888 1840 2000 40 fold 
7777 1860 2000 20 fold 
4444 1900 2000 0 fold 
1111 0 0 4540 all_in 
2222 6020 2000 40 call 
total pot: 4720 
/inquire 
recv from player 2222: call 

valid player: 7, all in player: 1, fold player: 5

----- send notify msg from 5 to 4(exclude) -----

player 1111(seat:5) doesn't need notify-msg

send notify msg to player 4444(seat:7) 
notify/ 
1111 0 0 4540 all_in 
2222 1520 2000 4540 call 
6666 1820 2000 40 fold 
5555 1840 2000 40 fold 
8888 1840 2000 40 fold 
7777 1860 2000 20 fold 
4444 1900 2000 0 fold 
total pot: 9220 
/notify 

send notify msg to player 7777(seat:0) 
notify/ 
4444 1900 2000 0 fold 
1111 0 0 4540 all_in 
2222 1520 2000 4540 call 
6666 1820 2000 40 fold 
5555 1840 2000 40 fold 
8888 1840 2000 40 fold 
7777 1860 2000 20 fold 
total pot: 9220 
/notify 

send notify msg to player 8888(seat:1) 
notify/ 
7777 1860 2000 20 fold 
4444 1900 2000 0 fold 
1111 0 0 4540 all_in 
2222 1520 2000 4540 call 
6666 1820 2000 40 fold 
5555 1840 2000 40 fold 
8888 1840 2000 40 fold 
total pot: 9220 
/notify 

send notify msg to player 5555(seat:2) 
notify/ 
8888 1840 2000 40 fold 
7777 1860 2000 20 fold 
4444 1900 2000 0 fold 
1111 0 0 4540 all_in 
2222 1520 2000 4540 call 
6666 1820 2000 40 fold 
5555 1840 2000 40 fold 
total pot: 9220 
/notify 

send notify msg to player 6666(seat:3) 
notify/ 
5555 1840 2000 40 fold 
8888 1840 2000 40 fold 
7777 1860 2000 20 fold 
4444 1900 2000 0 fold 
1111 0 0 4540 all_in 
2222 1520 2000 4540 call 
6666 1820 2000 40 fold 
total pot: 9220 
/notify 
flop/ 
HEARTS 6 
DIAMONDS 3 
HEARTS 3 
/flop 

---flop round bet---
valid player: 7, all in player: 1, fold player: 5
turn/ 
HEARTS 2 
/turn 

---turn round bet---
valid player: 7, all in player: 1, fold player: 5
river/ 
CLUBS 2 
/river 

---river round bet---
valid player: 7, all in player: 1, fold player: 5

---show down---
showdown/ 
common/ 
HEARTS 6 
DIAMONDS 3 
HEARTS 3 
HEARTS 2 
CLUBS 2 
/common 
1: 2222 SPADES J CLUBS A TWO_PAIR 
1: 1111 SPADES A HEARTS 7 TWO_PAIR 
/showdown 

---Allocate pot---
pot-win/ 
2222: 4610 
1111: 4610 
/pot-win 
it is player 7777's turn to be button

-----6 Hand-----

----- clean player data in socket -----
seat/ 
button: 7777 1860 2000 
small blind: 8888 1840 2000 
big blind: 5555 1840 2000 
6666 1820 2000 
2222 6130 2000 
1111 4610 0 
4444 1900 2000 
/seat 
blind/ 
8888: 20 
5555: 40 
/blind 
player 8888:hold/ 
DIAMONDS 4 
DIAMONDS 10 
/hold 
player 5555:hold/ 
CLUBS K 
SPADES 9 
/hold 
player 6666:hold/ 
CLUBS 2 
SPADES 5 
/hold 
player 2222:hold/ 
SPADES 6 
CLUBS 9 
/hold 
player 1111:hold/ 
DIAMONDS 2 
CLUBS J 
/hold 
player 4444:hold/ 
CLUBS A 
DIAMONDS 6 
/hold 
player 7777:hold/ 
HEARTS J 
DIAMONDS 7 
/hold 

---pre flop round bet---
valid player: 7, all in player: 0, fold player: 0

send inquire msg to player 6666(seat:2) 
inquire/ 
5555 1800 2000 40 blind 
8888 1820 2000 20 blind 
total pot: 60 
/inquire 
recv from player 6666: call 



send inquire msg to player 2222(seat:3) 
inquire/ 
6666 1780 2000 40 call 
5555 1800 2000 40 blind 
8888 1820 2000 20 blind 
total pot: 100 
/inquire 
recv from player 2222: call 


send inquire msg to player 1111(seat:4) 
inquire/ 
2222 6090 2000 40 call 
6666 1780 2000 40 call 
5555 1800 2000 40 blind 
8888 1820 2000 20 blind 
total pot: 140 
/inquire 
recv from player 1111: all_in 


send inquire msg to player 4444(seat:5) 
inquire/ 
1111 0 0 4610 all_in 
2222 6090 2000 40 call 
6666 1780 2000 40 call 
5555 1800 2000 40 blind 
8888 1820 2000 20 blind 
total pot: 4750 
/inquire 
recv from player 4444: fold 



send inquire msg to player 7777(seat:7) 
inquire/ 
4444 1900 2000 0 fold 
1111 0 0 4610 all_in 
2222 6090 2000 40 call 
6666 1780 2000 40 call 
5555 1800 2000 40 blind 
8888 1820 2000 20 blind 
total pot: 4750 
/inquire 
recv from player 7777: fold 



send inquire msg to player 8888(seat:0) 
inquire/ 
7777 1860 2000 0 fold 
4444 1900 2000 0 fold 
1111 0 0 4610 all_in 
2222 6090 2000 40 call 
6666 1780 2000 40 call 
5555 1800 2000 40 blind 
8888 1820 2000 20 blind 
total pot: 4750 
/inquire 
recv from player 8888: fold 



send inquire msg to player 5555(seat:1) 
inquire/ 
8888 1820 2000 20 fold 
7777 1860 2000 0 fold 
4444 1900 2000 0 fold 
1111 0 0 4610 all_in 
2222 6090 2000 40 call 
6666 1780 2000 40 call 
5555 1800 2000 40 blind 
total pot: 4750 
/inquire 
recv from player 5555: fold 



send inquire msg to player 6666(seat:2) 
inquire/ 
5555 1800 2000 40 fold 
8888 1820 2000 20 fold 
7777 1860 2000 0 fold 
4444 1900 2000 0 fold 
1111 0 0 4610 all_in 
2222 6090 2000 40 call 
6666 1780 2000 40 call 
total pot: 4750 
/inquire 
recv from player 6666: fold 



send inquire msg to player 2222(seat:3) 
inquire/ 
6666 1780 2000 40 fold 
5555 1800 2000 40 fold 
8888 1820 2000 20 fold 
7777 1860 2000 0 fold 
4444 1900 2000 0 fold 
1111 0 0 4610 all_in 
2222 6090 2000 40 call 
total pot: 4750 
/inquire 
recv from player 2222: call 

valid player: 7, all in player: 1, fold player: 5

----- send notify msg from 4 to 3(exclude) -----

player 1111(seat:4) doesn't need notify-msg

send notify msg to player 4444(seat:5) 
notify/ 
1111 0 0 4610 all_in 
2222 1520 2000 4610 call 
6666 1780 2000 40 fold 
5555 1800 2000 40 fold 
8888 1820 2000 20 fold 
7777 1860 2000 0 fold 
4444 1900 2000 0 fold 
total pot: 9320 
/notify 

send notify msg to player 7777(seat:7) 
notify/ 
4444 1900 2000 0 fold 
1111 0 0 4610 all_in 
2222 1520 2000 4610 call 
6666 1780 2000 40 fold 
5555 1800 2000 40 fold 
8888 1820 2000 20 fold 
7777 1860 2000 0 fold 
total pot: 9320 
/notify 

send notify msg to player 8888(seat:0) 
notify/ 
7777 1860 2000 0 fold 
4444 1900 2000 0 fold 
1111 0 0 4610 all_in 
2222 1520 2000 4610 call 
6666 1780 2000 40 fold 
5555 1800 2000 40 fold 
8888 1820 2000 20 fold 
total pot: 9320 
/notify 

send notify msg to player 5555(seat:1) 
notify/ 
8888 1820 2000 20 fold 
7777 1860 2000 0 fold 
4444 1900 2000 0 fold 
1111 0 0 4610 all_in 
2222 1520 2000 4610 call 
6666 1780 2000 40 fold 
5555 1800 2000 40 fold 
total pot: 9320 
/notify 

send notify msg to player 6666(seat:2) 
notify/ 
5555 1800 2000 40 fold 
8888 1820 2000 20 fold 
7777 1860 2000 0 fold 
4444 1900 2000 0 fold 
1111 0 0 4610 all_in 
2222 1520 2000 4610 call 
6666 1780 2000 40 fold 
total pot: 9320 
/notify 
flop/ 
HEARTS 4 
DIAMONDS 8 
CLUBS 7 
/flop 

---flop round bet---
valid player: 7, all in player: 1, fold player: 5
turn/ 
SPADES 8 
/turn 

---turn round bet---
valid player: 7, all in player: 1, fold player: 5
river/ 
HEARTS 6 
/river 

---river round bet---
valid player: 7, all in player: 1, fold player: 5

---show down---
showdown/ 
common/ 
HEARTS 4 
DIAMONDS 8 
CLUBS 7 
SPADES 8 
HEARTS 6 
/common 
1: 2222 SPADES 6 CLUBS 9 TWO_PAIR 
2: 1111 DIAMONDS 2 CLUBS J ONE_PAIR 
/showdown 

---Allocate pot---
pot-win/ 
2222: 9320 
/pot-win 
it is player 8888's turn to be button

-----7 Hand-----

----- clean player data in socket -----
seat/ 
button: 8888 1820 2000 
small blind: 5555 1800 2000 
big blind: 6666 1780 2000 
2222 10840 2000 
4444 1900 2000 
7777 1860 2000 
/seat 
blind/ 
5555: 20 
6666: 40 
/blind 
player 5555:hold/ 
CLUBS 4 
CLUBS Q 
/hold 
player 6666:hold/ 
HEARTS 5 
HEARTS J 
/hold 
player 2222:hold/ 
HEARTS 6 
SPADES 4 
/hold 
player 4444:hold/ 
DIAMONDS J 
HEARTS 7 
/hold 
player 7777:hold/ 
SPADES 3 
DIAMONDS 3 
/hold 
player 8888:hold/ 
CLUBS 2 
HEARTS K 
/hold 

---pre flop round bet---
valid player: 6, all in player: 0, fold player: 0

send inquire msg to player 2222(seat:2) 
inquire/ 
6666 1740 2000 40 blind 
5555 1780 2000 20 blind 
total pot: 60 
/inquire 
recv from player 2222: call 


send inquire msg to player 4444(seat:3) 
inquire/ 
2222 10800 2000 40 call 
6666 1740 2000 40 blind 
5555 1780 2000 20 blind 
total pot: 100 
/inquire 
recv from player 4444: call 



send inquire msg to player 7777(seat:4) 
inquire/ 
4444 1860 2000 40 call 
2222 10800 2000 40 call 
6666 1740 2000 40 blind 
5555 1780 2000 20 blind 
total pot: 140 
/inquire 
recv from player 7777: call 



send inquire msg to player 8888(seat:7) 
inquire/ 
7777 1820 2000 40 call 
4444 1860 2000 40 call 
2222 10800 2000 40 call 
6666 1740 2000 40 blind 
5555 1780 2000 20 blind 
total pot: 180 
/inquire 
recv from player 8888: call 



send inquire msg to player 5555(seat:0) 
inquire/ 
8888 1780 2000 40 call 
7777 1820 2000 40 call 
4444 1860 2000 40 call 
2222 10800 2000 40 call 
6666 1740 2000 40 blind 
5555 1780 2000 20 blind 
total pot: 220 
/inquire 
recv from player 5555: call 



send inquire msg to player 6666(seat:1) 
inquire/ 
5555 1760 2000 40 call 
8888 1780 2000 40 call 
7777 1820 2000 40 call 
4444 1860 2000 40 call 
2222 10800 2000 40 call 
6666 1740 2000 40 blind 
total pot: 240 
/inquire 
recv from player 6666: call 


valid player: 6, all in player: 0, fold player: 0

----- send notify msg from 2 to 0(exclude) -----

player 2222(seat:2) doesn't need notify-msg

send notify msg to player 4444(seat:3) 
notify/ 
2222 10800 2000 40 call 
6666 1740 2000 40 check 
5555 1760 2000 40 call 
8888 1780 2000 40 call 
7777 1820 2000 40 call 
4444 1860 2000 40 call 
total pot: 240 
/notify 

send notify msg to player 7777(seat:4) 
notify/ 
4444 1860 2000 40 call 
2222 10800 2000 40 call 
6666 1740 2000 40 check 
5555 1760 2000 40 call 
8888 1780 2000 40 call 
7777 1820 2000 40 call 
total pot: 240 
/notify 

send notify msg to player 8888(seat:7) 
notify/ 
7777 1820 2000 40 call 
4444 1860 2000 40 call 
2222 10800 2000 40 call 
6666 1740 2000 40 check 
5555 1760 2000 40 call 
8888 1780 2000 40 call 
total pot: 240 
/notify 
flop/ 
CLUBS 8 
CLUBS 10 
DIAMONDS Q 
/flop 

---flop round bet---
valid player: 6, all in player: 0, fold player: 0

send inquire msg to player 5555(seat:0) 
inquire/ 
8888 1780 2000 40 call 
7777 1820 2000 40 call 
4444 1860 2000 40 call 
2222 10800 2000 40 call 
6666 1740 2000 40 check 
5555 1760 2000 40 call 
total pot: 240 
/inquire 
recv from player 5555: call 



send inquire msg to player 6666(seat:1) 
inquire/ 
5555 1760 2000 40 check 
8888 1780 2000 40 call 
7777 1820 2000 40 call 
4444 1860 2000 40 call 
2222 10800 2000 40 call 
6666 1740 2000 40 check 
total pot: 240 
/inquire 
recv from player 6666: call 



send inquire msg to player 2222(seat:2) 
inquire/ 
6666 1740 2000 40 check 
5555 1760 2000 40 check 
8888 1780 2000 40 call 
7777 1820 2000 40 call 
4444 1860 2000 40 call 
2222 10800 2000 40 call 
total pot: 240 
/inquire 
recv from player 2222: call 


send inquire msg to player 4444(seat:3) 
inquire/ 
2222 10800 2000 40 check 
6666 1740 2000 40 check 
5555 1760 2000 40 check 
8888 1780 2000 40 call 
7777 1820 2000 40 call 
4444 1860 2000 40 call 
total pot: 240 
/inquire 
recv from player 4444: call 



send inquire msg to player 7777(seat:4) 
inquire/ 
4444 1860 2000 40 check 
2222 10800 2000 40 check 
6666 1740 2000 40 check 
5555 1760 2000 40 check 
8888 1780 2000 40 call 
7777 1820 2000 40 call 
total pot: 240 
/inquire 
recv from player 7777: call 



send inquire msg to player 8888(seat:7) 
inquire/ 
7777 1820 2000 40 check 
4444 1860 2000 40 check 
2222 10800 2000 40 check 
6666 1740 2000 40 check 
5555 1760 2000 40 check 
8888 1780 2000 40 call 
total pot: 240 
/inquire 
recv from player 8888: call 


valid player: 6, all in player: 0, fold player: 0

----- send notify msg from 0 to 0(exclude) -----
turn/ 
DIAMONDS 7 
/turn 

---turn round bet---
valid player: 6, all in player: 0, fold player: 0

send inquire msg to player 5555(seat:0) 
inquire/ 
8888 1780 2000 40 check 
7777 1820 2000 40 check 
4444 1860 2000 40 check 
2222 10800 2000 40 check 
6666 1740 2000 40 check 
5555 1760 2000 40 check 
total pot: 240 
/inquire 
recv from player 5555: call 



send inquire msg to player 6666(seat:1) 
inquire/ 
5555 1760 2000 40 check 
8888 1780 2000 40 check 
7777 1820 2000 40 check 
4444 1860 2000 40 check 
2222 10800 2000 40 check 
6666 1740 2000 40 check 
total pot: 240 
/inquire 
recv from player 6666: call 



send inquire msg to player 2222(seat:2) 
inquire/ 
6666 1740 2000 40 check 
5555 1760 2000 40 check 
8888 1780 2000 40 check 
7777 1820 2000 40 check 
4444 1860 2000 40 check 
2222 10800 2000 40 check 
total pot: 240 
/inquire 
recv from player 2222: call 


send inquire msg to player 4444(seat:3) 
inquire/ 
2222 10800 2000 40 check 
6666 1740 2000 40 check 
5555 1760 2000 40 check 
8888 1780 2000 40 check 
7777 1820 2000 40 check 
4444 1860 2000 40 check 
total pot: 240 
/inquire 
recv from player 4444: call 



send inquire msg to player 7777(seat:4) 
inquire/ 
4444 1860 2000 40 check 
2222 10800 2000 40 check 
6666 1740 2000 40 check 
5555 1760 2000 40 check 
8888 1780 2000 40 check 
7777 1820 2000 40 check 
total pot: 240 
/inquire 
recv from player 7777: call 



send inquire msg to player 8888(seat:7) 
inquire/ 
7777 1820 2000 40 check 
4444 1860 2000 40 check 
2222 10800 2000 40 check 
6666 1740 2000 40 check 
5555 1760 2000 40 check 
8888 1780 2000 40 check 
total pot: 240 
/inquire 
recv from player 8888: call 


valid player: 6, all in player: 0, fold player: 0

----- send notify msg from 0 to 0(exclude) -----
river/ 
HEARTS 2 
/river 

---river round bet---
valid player: 6, all in player: 0, fold player: 0

send inquire msg to player 5555(seat:0) 
inquire/ 
8888 1780 2000 40 check 
7777 1820 2000 40 check 
4444 1860 2000 40 check 
2222 10800 2000 40 check 
6666 1740 2000 40 check 
5555 1760 2000 40 check 
total pot: 240 
/inquire 
recv from player 5555: call 



send inquire msg to player 6666(seat:1) 
inquire/ 
5555 1760 2000 40 check 
8888 1780 2000 40 check 
7777 1820 2000 40 check 
4444 1860 2000 40 check 
2222 10800 2000 40 check 
6666 1740 2000 40 check 
total pot: 240 
/inquire 
recv from player 6666: fold 



send inquire msg to player 2222(seat:2) 
inquire/ 
6666 1740 2000 40 fold 
5555 1760 2000 40 check 
8888 1780 2000 40 check 
7777 1820 2000 40 check 
4444 1860 2000 40 check 
2222 10800 2000 40 check 
total pot: 240 
/inquire 
recv from player 2222: call 


send inquire msg to player 4444(seat:3) 
inquire/ 
2222 10800 2000 40 check 
6666 1740 2000 40 fold 
5555 1760 2000 40 check 
8888 1780 2000 40 check 
7777 1820 2000 40 check 
4444 1860 2000 40 check 
total pot: 240 
/inquire 
recv from player 4444: call 



send inquire msg to player 7777(seat:4) 
inquire/ 
4444 1860 2000 40 check 
2222 10800 2000 40 check 
6666 1740 2000 40 fold 
5555 1760 2000 40 check 
